0 0.0828125 0.39921875 0.12421875 0.22578125
0 0.19765625 0.58046875 0.12734375 0.234375
0 0.2140625 0.83671875 0.12421875 0.18515625
0 0.359375 0.70078125 0.078125 0.21484375
0 0.446875 0.865625 0.12265625 0.203125
0 0.353125 0.4046875 0.10390625 0.228125
0 0.21953125 0.23359375 0.11484375 0.15703125
0 0.40625 0.1734375 0.11875 0.22890625
0 0.50546875 0.415625 0.1234375 0.21875
0 0.61953125 0.2046875 0.1265625 0.21640625
0 0.74296875 0.48203125 0.1609375 0.2859375
0 0.62734375 0.6328125 0.07890625 0.19921875