0 0.1171875 0.3875 0.125 0.2203125
0 0.02421875 0.58125 0.04765625 0.19375
0 0.02109375 0.81875 0.04140625 0.15078125
0 0.24765625 0.83671875 0.12421875 0.17421875
0 0.22734375 0.58203125 0.12109375 0.2265625
0 0.253125 0.234375 0.1171875 0.16953125
0 0.3859375 0.4109375 0.11328125 0.23046875
0 0.4390625 0.16796875 0.125 0.22109375
0 0.39296875 0.70390625 0.0859375 0.21171875
0 0.4828125 0.86171875 0.12734375 0.2
0 0.54140625 0.41640625 0.12578125 0.21953125
0 0.6625 0.6375 0.07890625 0.2015625
0 0.78046875 0.4828125 0.159375 0.28125
0 0.65625 0.20703125 0.12734375 0.2234375