0 0.025 0.37265625 0.05 0.1953125
0 0.0984375 0.58359375 0.12109375 0.225
0 0.1234375 0.2375 0.1203125 0.16796875
0 0.1171875 0.8375 0.12578125 0.1703125
0 0.265625 0.7015625 0.07890625 0.20703125
0 0.2578125 0.40703125 0.10859375 0.23046875
0 0.3109375 0.17421875 0.121875 0.2265625
0 0.41015625 0.41171875 0.12578125 0.22109375
0 0.35390625 0.86171875 0.12265625 0.20390625
0 0.53203125 0.6390625 0.08046875 0.20390625
0 0.64921875 0.48125 0.15859375 0.28203125
0 0.52578125 0.203125 0.121875 0.21328125