0 0.33984375 0.2609375 0.2109375 0.3046875
0 0.4078125 0.44375 0.1421875 0.1703125
0 0.2671875 0.56640625 0.1640625 0.2203125
0 0.39375 0.690625 0.1546875 0.2484375
0 0.49296875 0.80625 0.16875 0.225
0 0.55 0.58125 0.1578125 0.2390625
0 0.49921875 0.20703125 0.1671875 0.2375
0 0.575 0.3359375 0.165625 0.2375
0 0.71875 0.434375 0.1703125 0.2421875
0 0.78828125 0.64140625 0.1671875 0.25
0 0.7546875 0.896875 0.153125 0.1921875
0 0.91484375 0.790625 0.1109375 0.228125
0 0.95078125 0.50234375 0.0984375 0.2390625
0 0.88515625 0.309375 0.146875 0.1796875