0 0.04296875 0.340625 0.0859375 0.278125
0 0.05625 0.66015625 0.10625 0.228125
0 0.11875 0.50390625 0.125 0.1546875
0 0.1828125 0.73984375 0.128125 0.2296875
0 0.13515625 0.2484375 0.15 0.23125
0 0.2421875 0.34921875 0.146875 0.23125
0 0.29765625 0.59609375 0.1375 0.2484375
0 0.31484375 0.8234375 0.15 0.2171875
0 0.5890625 0.82578125 0.14375 0.1859375
0 0.41171875 0.40234375 0.1484375 0.23125
0 0.5421875 0.5765625 0.1453125 0.2375
0 0.53125 0.22890625 0.1375 0.175
0 0.68125 0.38984375 0.134375 0.2453125
0 0.71953125 0.6765625 0.1 0.2078125
0 0.8234375 0.828125 0.1484375 0.21875
0 0.834375 0.3796875 0.1546875 0.240625
0 0.70859375 0.1484375 0.14375 0.228125
0 0.915625 0.16484375 0.125 0.23125
0 0.96328125 0.58984375 0.0734375 0.2109375