0 0.04609375 0.29296875 0.0921875 0.2703125
0 0.0421875 0.61328125 0.084375 0.2203125
0 0.1203125 0.4640625 0.1109375 0.14453125
0 0.159375 0.70546875 0.10546875 0.21953125
0 0.16328125 0.21171875 0.128125 0.21953125
0 0.259375 0.3234375 0.12421875 0.21875
0 0.2890625 0.57421875 0.11328125 0.23828125
0 0.28203125 0.80234375 0.12890625 0.2046875
0 0.5546875 0.83359375 0.12578125 0.1734375
0 0.42265625 0.39375 0.1265625 0.21875
0 0.53359375 0.58046875 0.12265625 0.2265625
0 0.559375 0.23359375 0.1203125 0.16328125
0 0.69140625 0.409375 0.1109375 0.23515625
0 0.7 0.6984375 0.07890625 0.20078125
0 0.7875 0.86015625 0.12734375 0.20703125
0 0.8453125 0.415625 0.13203125 0.228125
0 0.74453125 0.171875 0.12109375 0.21640625
0 0.9484375 0.21015625 0.10234375 0.221875
0 0.9625 0.6390625 0.07421875 0.20390625