0 0.084375 0.2171875 0.12109375 0.21875
0 0.05 0.46796875 0.1 0.14296875
0 0.078125 0.70703125 0.11015625 0.2359375
0 0.20078125 0.79765625 0.125 0.1984375
0 0.21015625 0.5734375 0.11484375 0.234375
0 0.1828125 0.3203125 0.12421875 0.21875
0 0.34453125 0.39375 0.12578125 0.21484375
0 0.4796875 0.23359375 0.12109375 0.1609375
0 0.61328125 0.40859375 0.11015625 0.23046875
0 0.45546875 0.58125 0.11953125 0.22421875
0 0.475 0.834375 0.12109375 0.16640625
0 0.61875 0.69921875 0.084375 0.2046875
0 0.7109375 0.865625 0.1265625 0.20390625
0 0.7671875 0.41328125 0.12578125 0.21875
0 0.8859375 0.6375 0.084375 0.2046875
0 0.9625 0.490625 0.075 0.275
0 0.88203125 0.20625 0.12421875 0.22109375
0 0.66484375 0.1734375 0.12109375 0.2203125