0 0.021875 0.35390625 0.04375 0.1796875
0 0.0484375 0.61875 0.096875 0.23125
0 0.071875 0.85703125 0.0921875 0.1859375
0 0.27265625 0.60546875 0.14375 0.2359375
0 0.1421875 0.42890625 0.1484375 0.2359375
0 0.2609375 0.2578125 0.128125 0.178125
0 0.41484375 0.4140625 0.125 0.2484375
0 0.3171875 0.8546875 0.1421875 0.1953125
0 0.4515625 0.70390625 0.1046875 0.2140625
0 0.55546875 0.85625 0.146875 0.2203125
0 0.709375 0.61328125 0.1015625 0.2078125
0 0.81015625 0.4515625 0.1921875 0.3015625
0 0.6578125 0.1875 0.14375 0.225
0 0.565625 0.40703125 0.15 0.2421875
0 0.4421875 0.17578125 0.14375 0.2375