0 0.096875 0.23359375 0.146875 0.2640625
0 0.06875 0.4640625 0.1375 0.246875
0 0.0359375 0.6859375 0.071875 0.21875
0 0.2234375 0.32109375 0.1765625 0.2390625
0 0.2875 0.52890625 0.175 0.2484375
0 0.396875 0.19765625 0.15 0.1890625
0 0.48125 0.39921875 0.15625 0.2453125
0 0.59296875 0.1859375 0.165625 0.246875
0 0.62890625 0.44609375 0.1734375 0.2375
0 0.41953125 0.684375 0.13125 0.225
0 0.2453125 0.78046875 0.1609375 0.2
0 0.4640625 0.86640625 0.16875 0.228125
0 0.69296875 0.6875 0.1265625 0.2140625
0 0.8453125 0.571875 0.2203125 0.3125
0 0.78984375 0.26796875 0.1734375 0.2390625