0 0.25625 0.29609375 0.159375 0.2640625
0 0.246875 0.61484375 0.12734375 0.19609375
0 0.36015625 0.46875 0.11796875 0.14609375
0 0.39765625 0.70703125 0.10859375 0.22421875
0 0.5171875 0.7953125 0.12734375 0.20546875
0 0.528125 0.57578125 0.1125 0.2234375
0 0.39921875 0.215625 0.12734375 0.2140625
0 0.5015625 0.31640625 0.12890625 0.2234375
0 0.66171875 0.39296875 0.12578125 0.2359375
0 0.771875 0.57890625 0.12265625 0.234375
0 0.7921875 0.8375 0.12265625 0.1640625
0 0.93828125 0.6984375 0.08359375 0.20703125
0 0.93203125 0.40390625 0.10390625 0.2390625
0 0.79921875 0.23359375 0.11328125 0.16328125
0 0.9609375 0.1703125 0.0765625 0.221875