0 0.33828125 0.29375 0.1640625 0.2796875
0 0.43671875 0.46328125 0.1234375 0.1546875
0 0.31953125 0.6109375 0.1328125 0.2046875
0 0.46484375 0.7078125 0.125 0.2390625
0 0.58515625 0.8015625 0.1359375 0.2078125
0 0.6 0.5796875 0.1265625 0.2328125
0 0.4828125 0.2125 0.140625 0.2265625
0 0.58125 0.3234375 0.134375 0.2296875
0 0.740625 0.4 0.1375 0.23125
0 0.8453125 0.59375 0.1265625 0.2296875
0 0.85546875 0.846875 0.125 0.1734375
0 0.88359375 0.2484375 0.1234375 0.1703125
0 0.97421875 0.428125 0.0515625 0.2125