0 0.1140625 0.215625 0.1828125 0.290625
0 0.05859375 0.528125 0.1171875 0.221875
0 0.17265625 0.40546875 0.1421875 0.1734375
0 0.1640625 0.6453125 0.1578125 0.2546875
0 0.2609375 0.16171875 0.16875 0.2421875
0 0.340625 0.28671875 0.165625 0.2390625
0 0.3203125 0.5375 0.1546875 0.2453125
0 0.26640625 0.76015625 0.1640625 0.2171875
0 0.484375 0.38359375 0.1671875 0.2453125
0 0.55703125 0.5890625 0.16875 0.25625
0 0.52578125 0.84921875 0.15625 0.1921875
0 0.65 0.25625 0.1453125 0.1859375
0 0.74609375 0.45390625 0.1515625 0.246875
0 0.69765625 0.74375 0.125 0.2265625
0 0.75703125 0.90078125 0.1671875 0.1984375
0 0.946875 0.7265625 0.075 0.2078125
0 0.89609375 0.48984375 0.1734375 0.2453125
0 0.8390625 0.234375 0.16875 0.2484375
0 0.98046875 0.2921875 0.0390625 0.225