0 0.09765625 0.3 0.153125 0.271875
0 0.20234375 0.46875 0.115625 0.1453125
0 0.0875 0.61875 0.1359375 0.19296875
0 0.2390625 0.70703125 0.1140625 0.225
0 0.359375 0.8 0.12890625 0.2
0 0.36953125 0.57109375 0.11484375 0.23671875
0 0.3421875 0.32578125 0.1296875 0.21640625
0 0.240625 0.21640625 0.1375 0.209375
0 0.50390625 0.39375 0.12890625 0.2234375
0 0.6140625 0.58203125 0.125 0.221875
0 0.6390625 0.23359375 0.12265625 0.16484375
0 0.77109375 0.409375 0.11171875 0.23203125
0 0.77890625 0.6984375 0.08359375 0.209375
0 0.86796875 0.86171875 0.12578125 0.19140625
0 0.928125 0.4140625 0.12109375 0.2203125
0 0.82578125 0.17734375 0.12578125 0.21953125
0 0.63359375 0.8375 0.11796875 0.175