0 0.1453125 0.284375 0.1625 0.2765625
0 0.24296875 0.4578125 0.1203125 0.1515625
0 0.12578125 0.60078125 0.1328125 0.2
0 0.27265625 0.7 0.115625 0.2359375
0 0.390625 0.8 0.1328125 0.209375
0 0.40625 0.57109375 0.1234375 0.234375
0 0.29453125 0.20859375 0.134375 0.225
0 0.3890625 0.315625 0.128125 0.23125
0 0.54609375 0.39296875 0.1328125 0.23125
0 0.65 0.58515625 0.128125 0.2296875
0 0.66171875 0.83984375 0.1328125 0.175
0 0.69140625 0.2375 0.125 0.165625
0 0.81484375 0.41875 0.1140625 0.2265625
0 0.81484375 0.71328125 0.0875 0.2125
0 0.89609375 0.8796875 0.134375 0.2078125
0 0.95 0.421875 0.1 0.2375
0 0.875 0.18671875 0.128125 0.228125