0 0.04453125 0.3390625 0.0890625 0.25
0 0.05859375 0.57421875 0.1171875 0.22578125
0 0.0546875 0.80234375 0.109375 0.1984375
0 0.18828125 0.39296875 0.12890625 0.21484375
0 0.30078125 0.5796875 0.12421875 0.22578125
0 0.3265625 0.23203125 0.1140625 0.165625
0 0.4578125 0.40703125 0.10546875 0.22578125
0 0.5140625 0.17265625 0.11484375 0.22578125
0 0.61171875 0.41640625 0.12578125 0.21328125
0 0.46640625 0.6984375 0.08203125 0.21171875
0 0.3203125 0.83359375 0.12265625 0.175
0 0.55390625 0.8640625 0.12265625 0.2046875
0 0.7328125 0.63515625 0.08046875 0.2
0 0.85234375 0.4859375 0.15703125 0.28359375
0 0.725 0.2046875 0.125 0.215625