0 0.4296875 0.61328125 0.13125 0.2046875
0 0.43828125 0.29609375 0.16328125 0.28671875
0 0.5421875 0.46796875 0.1265625 0.16015625
0 0.5796875 0.70703125 0.1125 0.23203125
0 0.58046875 0.20390625 0.13515625 0.23984375
0 0.68359375 0.3171875 0.13046875 0.23203125
0 0.70859375 0.57421875 0.11640625 0.23359375
0 0.69921875 0.79609375 0.13359375 0.203125
0 0.84765625 0.396875 0.13203125 0.234375
0 0.94609375 0.5828125 0.10390625 0.23828125
0 0.95625 0.83046875 0.0859375 0.17578125
0 0.959375 0.2265625 0.08046875 0.15703125