0 0.33125 0.29921875 0.15390625 0.27421875
0 0.43515625 0.465625 0.11796875 0.15
0 0.3234375 0.6171875 0.12578125 0.20078125
0 0.471875 0.70859375 0.11640625 0.23515625
0 0.5953125 0.7984375 0.128125 0.20390625
0 0.60234375 0.57578125 0.11875 0.228125
0 0.47265625 0.21328125 0.1328125 0.221875
0 0.575 0.32109375 0.12734375 0.225
0 0.73671875 0.39140625 0.12890625 0.2265625
0 0.8484375 0.58125 0.11953125 0.225
0 0.8671875 0.834375 0.11953125 0.16875
0 0.87421875 0.23515625 0.11796875 0.16640625
0 0.97421875 0.4125 0.05078125 0.21015625