0 0.22421875 0.34140625 0.203125 0.2875
0 0.2703125 0.65703125 0.159375 0.215625
0 0.35703125 0.49375 0.1421875 0.1640625
0 0.43515625 0.721875 0.1453125 0.2390625
0 0.56796875 0.7875 0.1609375 0.225
0 0.540625 0.56953125 0.15 0.2390625
0 0.3515625 0.2375 0.1625 0.2328125
0 0.46953125 0.31875 0.165625 0.2421875
0 0.640625 0.36640625 0.1640625 0.2546875
0 0.78125 0.53046875 0.1609375 0.2515625
0 0.84609375 0.78125 0.15 0.1828125
0 0.953125 0.61875 0.09375 0.21875
0 0.90859375 0.33046875 0.14375 0.253125
0 0.7484375 0.1859375 0.140625 0.18125
0 0.89609375 0.10546875 0.1140625 0.2109375