0 0.13671875 0.33515625 0.1546875 0.2359375
0 0.0265625 0.51328125 0.053125 0.1984375
0 0.00625 0.74921875 0.0125 0.1546875
0 0.203125 0.7984375 0.146875 0.1890625
0 0.21875 0.54296875 0.1515625 0.240625
0 0.2921875 0.20234375 0.1390625 0.184375
0 0.39921875 0.39609375 0.14375 0.24375
0 0.4859375 0.1625 0.1546875 0.2359375
0 0.365625 0.68671875 0.1140625 0.221875
0 0.4328125 0.85546875 0.1546875 0.215625
0 0.55234375 0.42265625 0.1546875 0.234375
0 0.64140625 0.65859375 0.10625 0.2109375
0 0.78046875 0.521875 0.196875 0.3
0 0.6953125 0.23125 0.1578125 0.2390625