0 0.13828125 0.296875 0.15234375 0.271875
0 0.24140625 0.4671875 0.115625 0.146875
0 0.1296875 0.6140625 0.12578125 0.1953125
0 0.2796875 0.7078125 0.1078125 0.23203125
0 0.40078125 0.80390625 0.125 0.2046875
0 0.40859375 0.57421875 0.11484375 0.23125
0 0.284375 0.215625 0.12734375 0.2203125
0 0.3828125 0.31953125 0.11953125 0.2265625
0 0.5421875 0.39140625 0.12421875 0.2265625
0 0.653125 0.5796875 0.1203125 0.22578125
0 0.6734375 0.834375 0.12734375 0.1703125
0 0.68203125 0.23125 0.11953125 0.1609375
0 0.81171875 0.4078125 0.10625 0.2234375
0 0.821875 0.70234375 0.0796875 0.21015625
0 0.909375 0.865625 0.12734375 0.203125
0 0.95 0.40625 0.0984375 0.234375
0 0.8640625 0.1734375 0.12109375 0.22421875