0 0.03125 0.20234375 0.0625 0.1921875
0 0.028125 0.70546875 0.05625 0.2296875
0 0.121875 0.79921875 0.13125 0.196875
0 0.13203125 0.57421875 0.1125 0.23125
0 0.1046875 0.32421875 0.125 0.2140625
0 0.26484375 0.39453125 0.125 0.225
0 0.39453125 0.83515625 0.125 0.1765625
0 0.403125 0.23359375 0.1125 0.153125
0 0.5328125 0.40625 0.1078125 0.2296875
0 0.540625 0.70234375 0.0875 0.209375
0 0.6296875 0.8640625 0.128125 0.20625
0 0.6875 0.4140625 0.125 0.221875
0 0.58671875 0.17421875 0.128125 0.2296875
0 0.803125 0.2046875 0.128125 0.215625
0 0.9234375 0.48125 0.153125 0.278125
0 0.8125 0.6390625 0.08125 0.20625