0 0.0265625 0.30390625 0.053125 0.17578125
0 0.0375 0.571875 0.075 0.225
0 0.03671875 0.81015625 0.0734375 0.1796875
0 0.2625 0.58125 0.12109375 0.225
0 0.1515625 0.3921875 0.12578125 0.2234375
0 0.2875 0.234375 0.11171875 0.16796875
0 0.42421875 0.40546875 0.10078125 0.23984375
0 0.28125 0.83359375 0.12421875 0.18359375
0 0.43046875 0.69765625 0.08359375 0.20703125
0 0.51796875 0.86015625 0.125 0.20859375
0 0.69609375 0.634375 0.08125 0.20078125
0 0.81328125 0.484375 0.16328125 0.28671875
0 0.68984375 0.20546875 0.12265625 0.21328125
0 0.575 0.4140625 0.12734375 0.2296875
0 0.4765625 0.171875 0.1203125 0.2265625