0 0.0609375 0.2859375 0.121875 0.234375
0 0.05546875 0.5390625 0.1109375 0.15625
0 0.115625 0.7703125 0.1453125 0.25
0 0.25078125 0.840625 0.1546875 0.215625
0 0.225 0.61796875 0.15 0.25
0 0.15859375 0.371875 0.15625 0.2359375
0 0.3296875 0.41953125 0.1578125 0.23125
0 0.43828125 0.23984375 0.1453125 0.178125
0 0.59765625 0.3921875 0.1453125 0.2453125
0 0.46875 0.5875 0.153125 0.240625
0 0.52734375 0.834375 0.1453125 0.1828125
0 0.6484375 0.678125 0.115625 0.215625
0 0.765625 0.828125 0.15625 0.221875
0 0.75 0.37265625 0.1578125 0.2359375
0 0.90234375 0.57578125 0.115625 0.215625
0 0.9484375 0.41796875 0.103125 0.2828125
0 0.83125 0.15 0.1578125 0.2375
0 0.61171875 0.1515625 0.1546875 0.2359375