0 0.40078125 0.2984375 0.15546875 0.26328125
0 0.50703125 0.46484375 0.11640625 0.1484375
0 0.39375 0.615625 0.1328125 0.209375
0 0.5453125 0.70703125 0.11328125 0.23828125
0 0.66796875 0.7984375 0.13203125 0.21015625
0 0.546875 0.209375 0.13046875 0.23671875
0 0.65 0.32109375 0.12734375 0.21953125
0 0.67578125 0.57421875 0.1125 0.23671875
0 0.8109375 0.3890625 0.12578125 0.23203125
0 0.921875 0.58046875 0.1203125 0.23359375
0 0.9390625 0.83203125 0.11953125 0.17421875
0 0.94375 0.23046875 0.1109375 0.16875