0 0.12109375 0.259375 0.18125 0.2859375
0 0.20703125 0.4375 0.1296875 0.15625
0 0.07734375 0.575 0.1546875 0.20625
0 0.21875 0.67890625 0.1375 0.2359375
0 0.32890625 0.78359375 0.1484375 0.2125
0 0.3625 0.55703125 0.1390625 0.246875
0 0.3609375 0.31015625 0.1515625 0.228125
0 0.271875 0.190625 0.159375 0.221875
0 0.51484375 0.39453125 0.1515625 0.2359375
0 0.6046875 0.59375 0.146875 0.234375
0 0.66640625 0.24921875 0.1390625 0.1765625
0 0.77890625 0.43828125 0.1359375 0.2421875
0 0.75625 0.7265625 0.1046875 0.2171875
0 0.828125 0.8984375 0.1453125 0.203125
0 0.93125 0.459375 0.1375 0.23125
0 0.8578125 0.21328125 0.1484375 0.23125
0 0.59765625 0.85 0.1359375 0.1859375