0 0.29375 0.29921875 0.15703125 0.27890625
0 0.3984375 0.4640625 0.1140625 0.14921875
0 0.2859375 0.61328125 0.12578125 0.1984375
0 0.4359375 0.70859375 0.10859375 0.23046875
0 0.55703125 0.80078125 0.1296875 0.203125
0 0.565625 0.56875 0.1140625 0.21953125
0 0.43828125 0.21328125 0.125 0.215625
0 0.5390625 0.32421875 0.12421875 0.215625
0 0.7 0.390625 0.12734375 0.22109375
0 0.81171875 0.578125 0.121875 0.22890625
0 0.83125 0.83515625 0.12109375 0.1703125
0 0.96640625 0.69765625 0.06640625 0.21953125
0 0.95703125 0.40625 0.08515625 0.22578125
0 0.8375 0.23359375 0.11640625 0.15859375