0 0.0671875 0.29453125 0.134375 0.26953125
0 0.05703125 0.615625 0.11328125 0.2046875
0 0.1609375 0.46953125 0.11484375 0.1546875
0 0.19765625 0.70703125 0.1140625 0.23671875
0 0.20078125 0.21328125 0.12890625 0.221875
0 0.303125 0.32109375 0.1265625 0.21953125
0 0.33046875 0.57109375 0.11328125 0.228125
0 0.3203125 0.8 0.12890625 0.19609375
0 0.4625 0.3890625 0.1265625 0.22578125
0 0.57265625 0.5765625 0.12578125 0.2359375
0 0.5921875 0.8375 0.1265625 0.17109375
0 0.60078125 0.23203125 0.11640625 0.16640625
0 0.7328125 0.4078125 0.109375 0.23046875
0 0.740625 0.7015625 0.08515625 0.21484375
0 0.83125 0.85859375 0.1296875 0.20625
0 0.98203125 0.63671875 0.0359375 0.2046875
0 0.88671875 0.41484375 0.13359375 0.2234375
0 0.78203125 0.17421875 0.128125 0.22890625
0 0.96640625 0.1984375 0.0671875 0.215625